881003,0.0000,121.7500,120.1250,121.7500,24400,0
881004,0.0000,122.5000,122.0000,122.5000,7000,0
881005,0.0000,118.0000,116.5000,117.8750,48700,0
881006,0.0000,116.2500,115.0000,115.2500,24800,0
881007,0.0000,118.7500,117.2500,118.5000,20400,0
881010,0.0000,120.3750,119.0000,119.1250,15900,0
881011,0.0000,118.1250,118.0000,118.1250,12200,0
881012,0.0000,115.2500,113.0000,113.0000,13300,0
881013,0.0000,114.7500,113.0000,114.7500,17600,0
881014,0.0000,117.2500,115.5000,115.5000,20200,0
881017,0.0000,117.2500,116.2500,116.7500,15900,0
881018,0.0000,118.1250,117.2500,118.1250,17400,0
881019,0.0000,119.5000,118.1250,118.2500,16000,0
881020,0.0000,119.0000,117.7500,119.0000,30000,0
881021,0.0000,118.2500,117.7500,117.8750,4800,0
881024,0.0000,114.7500,114.0000,114.3750,28800,0
881025,0.0000,114.2500,113.1250,113.2500,13600,0
881026,0.0000,115.5000,114.7500,114.7500,18000,0
881027,0.0000,116.0000,115.2500,115.2500,8400,0
881028,0.0000,116.0000,115.0000,115.7500,7900,0
881031,0.0000,119.2500,118.6250,119.0000,27400,0
881101,0.0000,119.1250,118.8750,119.0000,9800,0
881102,0.0000,116.0000,115.7500,116.0000,2400,0
881103,0.0000,116.2500,116.0000,116.1250,1400,0
881104,0.0000,114.7500,114.0000,114.3750,16900,0
881107,0.0000,113.3750,112.5000,112.7500,10300,0
881108,0.0000,117.5000,117.1250,117.2500,36400,0
881109,0.0000,117.0000,116.0000,116.2500,14100,0
881110,0.0000,116.2500,115.7500,116.2500,14100,0
881111,0.0000,117.5000,116.7500,116.7500,47000,0
881114,0.0000,116.7500,116.5000,116.6250,2700,0
881115,0.0000,117.8750,117.0000,117.8750,76100,0
881116,0.0000,123.0000,122.2500,122.2500,48000,0
881117,0.0000,128.0000,125.5000,128.0000,163700,0
881118,0.0000,125.2500,124.7500,124.7500,20500,0
881121,0.0000,123.2500,122.6250,122.7500,18200,0
881122,0.0000,122.6250,122.5000,122.6250,12200,0
881123,0.0000,123.0000,122.5000,123.0000,4700,0
881125,0.0000,126.2500,125.7500,126.0000,14800,0
881128,0.0000,126.2500,125.7500,126.0000,14800,0
881129,0.0000,133.5000,132.0000,133.0000,55600,0
881130,0.0000,132.0000,131.2500,132.0000,17500,0
881201,0.0000,129.2500,128.5000,129.0000,13600,0
881202,0.0000,128.6250,128.0000,128.0000,7800,0
881205,0.0000,130.0000,128.1250,130.0000,17300,0
881206,0.0000,129.7500,128.7500,128.7500,25800,0
881207,0.0000,130.5000,130.0000,130.3750,17400,0
881208,0.0000,130.5000,130.1250,130.2500,3100,0
881209,0.0000,130.5000,130.2500,130.5000,3000,0
881212,0.0000,128.2500,128.0000,128.0000,7600,0
881213,0.0000,128.1250,127.2500,127.2500,10900,0
881214,0.0000,131.5000,130.0000,131.3750,53200,0
881215,0.0000,129.5000,129.0000,129.2500,18100,0
881216,0.0000,131.0000,129.0000,130.5000,26800,0
881219,0.0000,132.5000,131.0000,132.5000,49300,0
881220,0.0000,131.7500,130.2500,130.2500,39600,0
881221,0.0000,130.5000,130.0000,130.1250,5800,0
881222,0.0000,129.5000,129.2500,129.3750,5800,0
881223,0.0000,128.0000,127.5000,127.8750,9400,0
881227,0.0000,127.8750,127.5000,127.5000,2500,0
881228,0.0000,127.0000,126.5000,127.0000,11100,0
881229,0.0000,128.2500,127.1250,128.2500,9300,0
881230,0.0000,129.2500,128.1250,129.0000,5000,0
890103,0.0000,129.2500,128.7500,128.8750,6700,0
890104,0.0000,128.2500,127.5000,128.2500,15300,0
890105,0.0000,127.6250,126.5000,126.5000,14800,0
890106,0.0000,126.0000,125.3750,125.5000,7100,0
890109,0.0000,129.3750,128.1250,129.2500,12200,0
890110,0.0000,132.7500,132.0000,132.0000,14200,0
890111,0.0000,133.5000,132.5000,133.5000,65000,0
890112,0.0000,132.0000,131.3750,132.0000,36900,0
890113,0.0000,133.7500,133.0000,133.1250,27600,0
890116,0.0000,133.3750,133.2500,133.2500,24000,0
890117,0.0000,133.0000,132.3750,132.7500,10300,0
890118,0.0000,132.2500,131.2500,131.7500,23500,0
890119,0.0000,127.6250,126.6250,127.2500,62200,0
890120,0.0000,128.0000,126.8750,127.5000,24200,0
890123,0.0000,127.2500,126.7500,127.2500,14100,0
890124,0.0000,129.0000,127.1250,129.0000,14000,0
890125,0.0000,126.8750,126.0000,126.8750,14400,0
890126,0.0000,126.0000,125.5000,126.0000,19800,0
890127,0.0000,127.8750,127.0000,127.2500,30400,0
890130,0.0000,127.2500,126.8750,127.0000,3000,0
890131,0.0000,126.5000,125.6250,125.8750,3200,0
890201,0.0000,126.1250,125.7500,125.7500,5500,0
890202,0.0000,125.5000,125.1250,125.5000,10600,0
890203,0.0000,126.5000,126.2500,126.3750,9900,0
890206,0.0000,125.0000,124.7500,124.8750,8100,0
890207,0.0000,124.7500,124.0000,124.5000,28400,0
890208,0.0000,125.3750,125.0000,125.2500,8400,0
890209,0.0000,127.3750,126.7500,127.0000,37200,0
890210,0.0000,126.7500,126.0000,126.0000,5700,0
890213,0.0000,123.7500,123.0000,123.0000,7900,0
890214,0.0000,125.6250,125.0000,125.6250,24600,0
890215,0.0000,126.2500,126.0000,126.1250,15200,0
890216,0.0000,123.2500,122.3750,122.5000,13200,0
890217,0.0000,123.5000,122.5000,123.5000,6300,0
890221,0.0000,123.2500,122.1250,122.1250,9400,0
890222,0.0000,128.5000,127.0000,127.2500,52200,0
890223,0.0000,129.5000,129.0000,129.5000,26300,0
890224,0.0000,129.2500,128.7500,128.7500,5600,0
890227,0.0000,129.1250,128.7500,129.0000,18200,0
890228,0.0000,129.7500,129.0000,129.7500,6400,0
890301,0.0000,130.7500,129.5000,129.7500,14100,0
890302,0.0000,131.0000,129.7500,131.0000,17400,0
890303,0.0000,129.0000,128.7500,128.7500,2100,0
890306,0.0000,125.7500,124.5000,125.2500,23800,0
890307,0.0000,125.7500,125.0000,125.7500,12400,0
890308,0.0000,124.7500,124.6250,124.7500,8200,0
890309,0.0000,122.2500,121.6250,122.2500,20100,0
890310,0.0000,122.1250,121.7500,122.1250,17900,0
890313,0.0000,122.0000,121.2500,121.2500,12400,0
890314,0.0000,121.5000,121.3750,121.5000,17800,0
890315,0.0000,123.6250,123.0000,123.6250,13200,0
890316,0.0000,123.5000,123.0000,123.0000,8800,0
890317,0.0000,121.2500,120.2500,120.3750,7000,0
890320,0.0000,117.6250,117.0000,117.5000,15000,0
890321,0.0000,119.1250,118.2500,119.1250,9100,0
890322,0.0000,116.5000,115.0000,116.2500,25400,0
890323,0.0000,116.8750,116.0000,116.3750,7300,0
890327,0.0000,115.5000,114.8750,114.8750,15000,0
890328,0.0000,119.2500,118.7500,119.2500,15800,0
890329,0.0000,118.0000,117.2500,117.2500,9600,0
890330,0.0000,116.2500,115.1250,115.7500,15800,0
890331,0.0000,115.6250,114.7500,115.5000,9600,0
890403,0.0000,117.0000,115.7500,117.0000,11800,0
890404,0.0000,118.5000,117.5000,118.2500,14900,0
890405,0.0000,119.2500,119.1250,119.2500,8900,0
890406,0.0000,116.5000,116.0000,116.0000,6900,0
890407,0.0000,117.6250,117.0000,117.6250,5100,0
890410,0.0000,116.0000,115.7500,115.8750,17700,0
890411,0.0000,117.2500,116.5000,117.1250,7900,0
890412,0.0000,119.2500,118.5000,118.7500,15000,0
890413,0.0000,117.3750,117.2500,117.3750,5400,0
890414,0.0000,118.2500,117.8750,118.2500,5000,0
890417,0.0000,117.0000,116.7500,116.7500,9100,0
890418,0.0000,117.8750,116.0000,117.8750,15000,0
890419,0.0000,115.7500,115.3750,115.5000,36900,0
890420,0.0000,116.0000,115.0000,115.6250,51400,0
890421,0.0000,115.7500,115.5000,115.7500,7900,0
890424,0.0000,115.2500,115.0000,115.0000,8700,0
890425,0.0000,115.7500,115.2500,115.3750,5800,0
890426,0.0000,115.6250,115.0000,115.1250,9200,0
890427,0.0000,115.3750,115.1250,115.2500,11900,0
890428,0.0000,116.1250,115.7500,115.7500,15500,0
890501,0.0000,116.0000,115.7500,116.0000,9900,0
890502,0.0000,120.0000,119.5000,119.5000,26600,0
890503,0.0000,119.7500,119.5000,119.6250,16400,0
890504,0.0000,119.7500,119.5000,119.6250,7600,0
890505,0.0000,120.2500,119.5000,120.0000,19600,0
890508,0.0000,120.2500,119.7500,119.7500,5500,0
890509,0.0000,123.2500,122.7500,123.2500,34200,0
890510,0.0000,122.8750,122.5000,122.5000,1000,0
890511,0.0000,121.5000,121.2500,121.5000,1800,0
890512,0.0000,120.7500,120.0000,120.7500,12900,0
890515,0.0000,119.0000,118.0000,119.0000,16500,0
890516,0.0000,120.8750,120.5000,120.6250,7600,0
890517,0.0000,120.1250,119.8750,119.8750,4200,0
890518,0.0000,119.2500,118.7500,119.1250,13300,0
890519,0.0000,121.5000,120.2500,121.5000,24900,0
890522,0.0000,122.5000,121.7500,122.2500,18100,0
890523,0.0000,121.2500,120.5000,120.5000,10600,0
890524,0.0000,119.0000,118.0000,118.0000,14000,0
890525,0.0000,120.0000,119.2500,119.6250,4000,0
890526,0.0000,119.6250,118.3750,118.6250,15200,0
890530,0.0000,116.5000,116.2500,116.2500,27700,0
890531,0.0000,119.2500,118.0000,119.0000,18200,0
890601,0.0000,119.5000,119.0000,119.3750,6600,0
890602,0.0000,119.7500,119.2500,119.6250,10700,0
890605,0.0000,117.2500,116.0000,116.0000,21400,0
890606,0.0000,113.8750,113.2500,113.8750,24000,0
890607,0.0000,114.0000,112.5000,114.0000,37700,0
890608,0.0000,113.0000,112.7500,112.7500,7400,0
890609,0.0000,111.6250,111.2500,111.6250,6300,0
890612,0.0000,107.5000,107.2500,107.3750,47000,0
890613,0.0000,107.2500,106.7500,107.1250,24800,0
890614,0.0000,108.3750,107.7500,108.0000,8300,0
890615,0.0000,109.2500,105.2500,109.2500,45000,0
890616,0.0000,109.2500,108.2500,109.0000,14000,0
890619,0.0000,111.2500,111.0000,111.0000,23200,0
890620,0.0000,112.2500,111.5000,111.5000,24700,0
890621,0.0000,113.2500,111.7500,113.2500,19300,0
890622,0.0000,114.5000,114.0000,114.2500,9600,0
890623,0.0000,115.7500,114.5000,115.3750,15800,0
890626,0.0000,114.7500,113.6250,113.6250,2200,0
890627,0.0000,113.0000,111.7500,111.8750,6800,0
890628,0.0000,110.7500,110.0000,110.0000,4300,0
890629,0.0000,110.0000,108.3750,108.3750,5400,0
890630,0.0000,107.2500,106.2500,106.7500,20600,0
890703,0.0000,109.8750,109.5000,109.7500,9300,0
890705,0.0000,116.7500,115.7500,116.7500,44000,0
890706,0.0000,117.3750,117.0000,117.3750,35600,0
890707,0.0000,118.2500,117.8750,118.1250,24100,0
890710,0.0000,118.0000,117.8750,118.0000,3800,0
890711,0.0000,115.5000,115.0000,115.1250,1400,0
890712,0.0000,115.1250,115.0000,115.1250,300,0
890713,0.0000,115.2500,114.7500,115.2500,20500,0
890714,0.0000,115.0000,114.5000,114.5000,1800,0
890717,0.0000,113.3750,113.3750,113.3750,3600,0
890718,0.0000,112.2500,111.7500,112.2500,3700,0
890719,0.0000,113.2500,112.8750,113.1250,7200,0
890720,0.0000,113.2500,112.8750,112.8750,4300,0
890721,0.0000,114.7500,113.8750,114.7500,20300,0
